%YAML:1.0
---
camera_matrix: !!opencv-matrix
   rows: 3
   cols: 3
   dt: d
   data: [ 8.3998287291762608e+02, 0., 3.0058980776258966e+02, 0.,
       8.4218549814014136e+02, 1.7670742768714294e+02, 0., 0., 1. ]
dist_coeff: !!opencv-matrix
   rows: 1
   cols: 5
   dt: d
   data: [ 2.6858370308284768e-01, -1.1115710339034890e+00,
       -3.4322477320748251e-02, -1.3747215362595898e-02,
       1.7532554570495882e+00 ]
