%YAML:1.0
---
cameraMatrix: !!opencv-matrix
   rows: 3
   cols: 3
   dt: d
   data: [ 1.0331130006470919e+03, 0., 1.0031381572905229e+03, 0.,
       1.0230447290360463e+03, 5.4250828519486095e+02, 0., 0., 1. ]
distortionCoefficients: !!opencv-matrix
   rows: 1
   cols: 5
   dt: d
   data: [ 1.7230770908201892e-02, -5.4221042597408606e-02,
       -1.8730774952700782e-04, 6.7500438907233916e-03,
       1.8095758483595178e-02 ]
rotation: !!opencv-matrix
   rows: 3
   cols: 3
   dt: d
   data: [ 1., 0., 0., 0., 1., 0., 0., 0., 1. ]
projection: !!opencv-matrix
   rows: 4
   cols: 4
   dt: d
   data: [ 1.0331130006470919e+03, 0., 1.0031381572905229e+03, 0., 0.,
       1.0230447290360463e+03, 5.4250828519486095e+02, 0., 0., 0., 1.,
       0., 0., 0., 0., 1. ]
