%YAML:1.0
---
depthShift: -5.1565462820836522e+01
