%YAML:1.0
---
rotation: !!opencv-matrix
   rows: 3
   cols: 3
   dt: d
   data: [ 9.9965049740797385e-01, -4.4175216387770380e-03,
       -2.6064699011524486e-02, 4.1457019667153700e-03,
       9.9993655757560729e-01, -1.0473489344402434e-02,
       2.6109312269640521e-02, 1.0361772358775096e-02,
       9.9960539088501887e-01 ]
translation: !!opencv-matrix
   rows: 3
   cols: 1
   dt: d
   data: [ -5.2809283097579471e-02, -4.6436426736183242e-03,
       2.0990436616241344e-02 ]
essential: !!opencv-matrix
   rows: 3
   cols: 3
   dt: d
   data: [ -2.0826241099629528e-04, -2.1037221300352876e-02,
       -4.4219671356580410e-03, 2.2361914467366760e-02,
       4.5447206192760387e-04, 5.2241334660590735e-02,
       4.4230881596689876e-03, -5.2826446140622776e-02,
       4.3206231520309771e-04 ]
fundamental: !!opencv-matrix
   rows: 3
   cols: 3
   dt: d
   data: [ -2.9446613321640926e-07, -2.9807696996736773e-05,
       4.0913816272208463e-03, 3.1929097881566546e-05,
       6.5028006822673733e-07, 1.7489911061042977e-02,
       -1.0565437551586695e-02, -4.7779987638235447e-02, 1. ]
