%YAML:1.0
---
cameraMatrix: !!opencv-matrix
   rows: 3
   cols: 3
   dt: d
   data: [ 3.4620574491586171e+02, 0., 2.5680084366930112e+02, 0.,
       3.4547663796229341e+02, 2.0734058965481407e+02, 0., 0., 1. ]
distortionCoefficients: !!opencv-matrix
   rows: 1
   cols: 5
   dt: d
   data: [ 8.3031414761922329e-02, -2.8205533863528937e-01,
       -1.6115615034667952e-03, -1.0928059744822053e-03,
       1.2050363705049846e-01 ]
rotation: !!opencv-matrix
   rows: 3
   cols: 3
   dt: d
   data: [ 1., 0., 0., 0., 1., 0., 0., 0., 1. ]
projection: !!opencv-matrix
   rows: 4
   cols: 4
   dt: d
   data: [ 3.4620574491586171e+02, 0., 2.5680084366930112e+02, 0., 0.,
       3.4547663796229341e+02, 2.0734058965481407e+02, 0., 0., 0., 1.,
       0., 0., 0., 0., 1. ]
